0 0 509
1 1 14843
10 10 350
100 100 15255
101 101 1026
102 102 15554
103 103 14026
104 104 2218
105 105 19344
106 106 2433
107 107 322
108 108 9008
109 109 1095
11 11 1594
110 110 1695
111 111 10057
112 112 342
113 113 7142
114 114 888
115 115 6225
116 116 4766
117 117 509
118 118 933
119 119 10224
12 12 347
120 120 1210
121 121 667
122 122 5228
123 123 2891
124 124 662
125 125 927
126 126 5916
127 127 1329
128 128 5970
129 129 10808
13 13 2504
130 130 4659
131 131 22868
132 132 23294
133 133 1369
134 134 2468
135 135 1220
136 136 3096
137 137 8063
138 138 329
139 139 6318
14 14 573
140 140 3000
141 141 1845
142 142 2938
143 143 1541
144 144 18625
145 145 837
146 146 1934
147 147 2088
148 148 6518
149 149 4379
15 15 1140
150 150 733
151 151 3427
152 152 4766
153 153 2176
154 154 496
155 155 7492
156 156 3975
157 157 898
158 158 14376
159 159 447
16 16 1710
160 160 456
161 161 4197
162 162 574
163 163 1996
164 164 20460
165 165 2913
166 166 11200
167 167 820
168 168 1182
169 169 23717
17 17 6368
170 170 1397
171 171 662
172 172 10174
173 173 11150
174 174 1715
175 175 2154
176 176 4006
177 177 7605
178 178 2614
179 179 11038
18 18 3000
180 180 437
181 181 2104
182 182 2413
183 183 1923
184 184 517
185 185 416
186 186 1521
187 187 4624
188 188 4112
189 189 11083
19 19 8921
190 190 5901
191 191 902
192 192 14257
193 193 8201
194 194 1635
195 195 763
196 196 14963
197 197 1254
198 198 14889
199 199 559
2 2 33999
20 20 1667
200 200 624
201 201 3616
202 202 8555
203 203 1375
204 204 4415
205 205 4513
206 206 314
207 207 18949
208 208 1216
209 209 1426
21 21 1825
210 210 1059
211 211 6949
212 212 1419
213 213 20455
214 214 9260
215 215 5762
216 216 21223
217 217 9311
218 218 5482
219 219 591
22 22 7926
220 220 1568
221 221 6070
222 222 2865
223 223 4204
224 224 2664
225 225 318
226 226 464
227 227 1223
228 228 5100
229 229 2126
23 23 4543
230 230 5271
231 231 1941
232 232 2022
233 233 1753
234 234 4427
235 235 8581
236 236 486
237 237 344
238 238 3667
239 239 1574
24 24 925
240 240 1348
241 241 1600
242 242 1587
243 243 16591
244 244 14229
245 245 3172
246 246 5399
247 247 2875
248 248 22734
249 249 1255
25 25 5608
250 250 4433
251 251 8934
252 252 2642
253 253 21269
254 254 1402
255 255 3677
256 256 13937
257 257 13324
258 258 13966
259 259 5434
26 26 6103
260 260 884
261 261 1491
262 262 3022
263 263 6153
264 264 1102
265 265 2455
266 266 1550
267 267 17380
268 268 779
269 269 1904
27 27 509
270 270 4736
271 271 899
272 272 7409
273 273 1059
274 274 4264
275 275 13996
276 276 11819
277 277 3073
278 278 17324
279 279 6584
28 28 1298
280 280 1753
281 281 1409
282 282 1580
283 283 4210
284 284 10801
285 285 3564
286 286 579
287 287 2958
288 288 1077
289 289 5966
29 29 5608
290 290 1154
291 291 8920
292 292 4574
293 293 3814
294 294 6447
295 295 3603
296 296 3483
297 297 2380
298 298 3921
299 299 1317
3 3 681
30 30 2278
300 300 7049
301 301 1498
302 302 602
303 303 8022
304 304 888
305 305 2829
306 306 4423
307 307 1925
308 308 2366
309 309 1017
31 31 4381
310 310 4261
311 311 5994
312 312 6616
313 313 1893
314 314 4395
315 315 16877
316 316 1648
317 317 2587
318 318 4601
319 319 2399
32 32 960
320 320 2672
321 321 1207
322 322 721
323 323 4598
324 324 4637
325 325 18014
326 326 631
327 327 2382
328 328 10261
329 329 10858
33 33 620
330 330 1353
331 331 314
332 332 533
333 333 10105
334 334 14580
335 335 2995
336 336 17996
337 337 660
338 338 5452
339 339 3656
34 34 363
340 340 554
341 341 4579
342 342 3298
343 343 1557
344 344 853
345 345 6830
346 346 5685
347 347 9780
348 348 10099
349 349 10969
35 35 2637
350 350 10631
351 351 3646
352 352 13598
353 353 6311
354 354 746
355 355 6555
356 356 3219
357 357 8209
358 358 1079
359 359 6576
36 36 906
360 360 176
361 361 17500
362 362 2546
363 363 347
364 364 17733
365 365 16141
366 366 1348
367 367 877
368 368 30972
369 369 1254
37 37 10952
370 370 1146
371 371 10348
372 372 5332
373 373 3360
374 374 5826
375 375 895
376 376 220
377 377 22886
378 378 4655
379 379 2154
38 38 1152
380 380 6654
381 381 14433
382 382 1025
383 383 1982
384 384 722
385 385 10744
386 386 7651
387 387 2929
388 388 6839
389 389 5417
39 39 1057
390 390 9860
391 391 29717
392 392 1584
393 393 947
394 394 2063
395 395 1904
396 396 2412
397 397 8435
398 398 6991
399 399 4056
4 4 420
40 40 1131
400 400 14979
401 401 2206
402 402 1246
403 403 9491
404 404 4664
405 405 7418
406 406 4786
407 407 5544
408 408 1939
409 409 1258
41 41 3109
410 410 12395
411 411 5682
412 412 1639
413 413 2891
414 414 1803
415 415 3120
416 416 5552
417 417 19018
418 418 1626
419 419 1120
42 42 13817
420 420 15582
421 421 726
422 422 725
423 423 4246
424 424 4334
425 425 3185
426 426 4964
427 427 6119
428 428 490
429 429 4321
43 43 23847
430 430 7174
431 431 878
432 432 826
433 433 3200
434 434 3050
435 435 1335
436 436 3648
437 437 2791
438 438 16804
439 439 2552
44 44 1211
440 440 823
441 441 2276
442 442 413
443 443 550
444 444 3240
445 445 5879
446 446 6069
447 447 2961
448 448 507
449 449 5321
45 45 1052
450 450 14156
451 451 620
452 452 1140
453 453 1429
454 454 1284
455 455 2560
456 456 2179
457 457 12999
458 458 1599
459 459 520
46 46 18415
460 460 3624
461 461 1443
462 462 2392
463 463 1012
464 464 3347
465 465 5921
466 466 6885
467 467 3836
468 468 1599
469 469 2602
47 47 12104
470 470 1154
471 471 861
472 472 3849
473 473 726
474 474 9417
475 475 425
476 476 3790
477 477 2725
478 478 2313
479 479 10876
48 48 15942
480 480 6354
481 481 2140
482 482 522
483 483 1481
484 484 5827
485 485 1295
486 486 23719
487 487 625
488 488 1699
489 489 15830
49 49 3217
490 490 1408
491 491 1145
492 492 592
493 493 5184
494 494 25254
495 495 1488
496 496 8626
497 497 1997
498 498 1969
499 499 608
5 5 1697
50 50 6908
500 500 1188
501 501 6765
502 502 3328
503 503 4080
504 504 19566
505 505 1134
506 506 1077
507 507 3543
508 508 3233
509 509 2992
51 51 363
510 510 696
511 511 2425
512 512 1679
513 513 2776
514 514 3074
515 515 6501
516 516 9043
517 517 3111
518 518 860
519 519 4035
52 52 1994
520 520 4651
521 521 19053
522 522 11564
523 523 8661
524 524 722
525 525 4149
526 526 7381
527 527 6890
528 528 25199
529 529 591
53 53 1056
530 530 4924
531 531 7567
532 532 3689
533 533 6139
534 534 6560
535 535 4806
536 536 16329
537 537 1857
538 538 1027
539 539 2785
54 54 1457
540 540 478
541 541 938
542 542 609
543 543 998
544 544 5114
545 545 4798
546 546 3171
547 547 805
548 548 1623
549 549 12626
55 55 2127
550 550 2178
551 551 547
552 552 1673
553 553 3838
554 554 7468
555 555 2272
556 556 14040
557 557 2178
558 558 13462
559 559 1406
56 56 1476
560 560 653
561 561 14550
562 562 565
563 563 622
564 564 7995
565 565 13323
566 566 7700
567 567 817
568 568 2598
569 569 3470
57 57 5557
570 570 2500
571 571 29533
572 572 1065
573 573 1388
574 574 1414
575 575 5302
576 576 4234
577 577 3110
578 578 1715
579 579 1354
58 58 4264
580 580 2108
581 581 11943
582 582 1697
583 583 1153
584 584 2993
585 585 1001
586 586 4010
587 587 933
588 588 1046
589 589 3446
59 59 9008
590 590 2656
591 591 28278
592 592 1399
593 593 2202
594 594 11394
595 595 5600
596 596 10003
597 597 777
598 598 15909
599 599 4408
6 6 432
60 60 8968
600 600 11558
601 601 26397
602 602 1591
603 603 3026
604 604 7628
605 605 1079
606 606 564
607 607 3023
608 608 5577
609 609 19711
61 61 1249
610 610 1818
611 611 8400
612 612 1764
613 613 6412
614 614 3834
615 615 5382
616 616 409
617 617 11268
618 618 1678
619 619 2546
62 62 2159
620 620 1965
621 621 1621
622 622 5754
623 623 1071
624 624 1771
625 625 21289
626 626 387
627 627 1753
628 628 5983
629 629 2893
63 63 1603
630 630 957
631 631 3219
632 632 3044
633 633 893
634 634 597
635 635 2352
636 636 9514
637 637 2006
638 638 593
639 639 10716
64 64 14123
640 640 14232
641 641 465
642 642 5682
643 643 5158
644 644 1700
645 645 4835
646 646 1258
647 647 5673
648 648 1823
649 649 1580
65 65 6554
650 650 823
651 651 2621
652 652 5332
653 653 5257
654 654 28253
655 655 583
656 656 15371
657 657 1754
658 658 2195
659 659 10157
66 66 9279
660 660 9865
661 661 8102
662 662 4775
663 663 1931
664 664 2324
665 665 8860
666 666 14545
667 667 1149
668 668 1149
669 669 8096
67 67 13083
670 670 16580
671 671 647
672 672 2010
673 673 973
674 674 1073
675 675 1256
676 676 1225
677 677 23545
678 678 1090
679 679 2202
68 68 8279
680 680 18446
681 681 600
682 682 8393
683 683 8084
684 684 2261
685 685 6286
686 686 967
687 687 1259
688 688 2890
689 689 9506
69 69 2305
690 690 4788
691 691 16558
692 692 2222
693 693 10289
694 694 1709
695 695 2543
696 696 561
697 697 4599
698 698 2517
699 699 22833
7 7 5792
70 70 6932
700 700 735
701 701 7594
702 702 1256
703 703 928
704 704 5117
705 705 21075
706 706 2419
707 707 9047
708 708 5455
709 709 2353
71 71 2750
710 710 812
711 711 10937
712 712 1351
713 713 513
714 714 2705
715 715 5349
716 716 672
717 717 2988
718 718 3573
719 719 1353
72 72 2040
720 720 758
721 721 7205
722 722 655
723 723 770
724 724 1774
725 725 1591
726 726 1351
727 727 3599
728 728 2351
729 729 3328
73 73 13267
730 730 1742
731 731 3306
732 732 6956
733 733 12268
734 734 2011
735 735 6561
736 736 6842
737 737 18976
738 738 15589
739 739 1964
74 74 682
740 740 2711
741 741 3137
742 742 3550
743 743 8326
744 744 9173
745 745 8713
746 746 3224
747 747 1651
748 748 20850
749 749 20618
75 75 837
750 750 988
751 751 3338
752 752 17179
753 753 16427
754 754 701
755 755 3637
756 756 4068
757 757 1523
758 758 2703
759 759 4798
76 76 6465
760 760 3977
761 761 5191
762 762 804
763 763 958
764 764 859
765 765 513
766 766 471
767 767 2181
768 768 7856
769 769 647
77 77 2578
770 770 17164
771 771 6675
772 772 18626
773 773 522
774 774 704
775 775 638
776 776 1240
777 777 2879
778 778 4368
779 779 1724
78 78 1657
780 780 2621
781 781 9932
782 782 1534
783 783 4016
784 784 1154
785 785 1819
786 786 384
787 787 6062
788 788 10700
789 789 5031
79 79 9359
790 790 695
791 791 1175
792 792 4501
793 793 18910
794 794 12586
795 795 1138
796 796 1189
797 797 13545
798 798 14688
799 799 3763
8 8 2396
80 80 338
800 800 11232
801 801 2097
802 802 7497
803 803 8745
804 804 13081
805 805 2322
806 806 1154
807 807 6583
808 808 1068
809 809 992
81 81 2759
810 810 2603
811 811 1551
812 812 2178
813 813 9157
814 814 7590
815 815 1124
816 816 12110
817 817 715
818 818 3288
819 819 2492
82 82 1266
820 820 9358
821 821 18918
822 822 8053
823 823 11088
824 824 20094
825 825 16111
826 826 1099
827 827 2694
828 828 6427
829 829 5135
83 83 10986
830 830 1820
831 831 11465
832 832 2609
833 833 650
834 834 2724
835 835 10533
836 836 372
837 837 7314
838 838 835
839 839 7463
84 84 1999
840 840 2195
841 841 34094
842 842 1663
843 843 4902
844 844 14818
845 845 489
846 846 1100
847 847 7474
848 848 401
849 849 2457
85 85 2147
850 850 3492
851 851 590
852 852 617
853 853 18473
854 854 3116
855 855 672
856 856 10769
857 857 14922
858 858 6958
859 859 1418
86 86 11621
860 860 19598
861 861 2891
862 862 1230
863 863 617
864 864 3922
865 865 539
866 866 2640
867 867 918
868 868 11610
869 869 22212
87 87 7588
870 870 12957
871 871 546
872 872 1238
873 873 1561
874 874 2359
875 875 7127
876 876 1985
877 877 2484
878 878 440
879 879 11870
88 88 1303
880 880 8591
881 881 649
882 882 1430
883 883 712
884 884 2326
885 885 7066
886 886 1022
887 887 1405
888 888 2016
889 889 4948
89 89 1232
890 890 1946
891 891 3129
892 892 2994
893 893 14005
894 894 2175
895 895 4757
896 896 5484
897 897 4481
898 898 2602
899 899 2674
9 9 15749
90 90 474
900 900 12501
901 901 28392
902 902 965
903 903 506
904 904 6131
905 905 23618
906 906 9275
907 907 896
908 908 3277
909 909 20318
91 91 981
910 910 1029
911 911 7415
912 912 1528
913 913 2671
914 914 3413
915 915 4743
916 916 2696
917 917 4096
918 918 1685
919 919 1198
92 92 2132
920 920 6898
921 921 8218
922 922 2106
923 923 6806
924 924 8818
925 925 2543
926 926 2572
927 927 9766
928 928 449
929 929 3895
93 93 1139
930 930 763
931 931 587
932 932 5449
933 933 3999
934 934 2673
935 935 1887
936 936 5729
937 937 1243
938 938 1824
939 939 3984
94 94 10193
940 940 2704
941 941 1702
942 942 1981
943 943 1901
944 944 6993
945 945 3634
946 946 7610
947 947 731
948 948 6437
949 949 1023
95 95 905
950 950 554
951 951 1570
952 952 11189
953 953 939
954 954 1745
955 955 3414
956 956 11946
957 957 2992
958 958 10080
959 959 670
96 96 1361
960 960 2385
961 961 1249
962 962 9372
963 963 2283
964 964 6876
965 965 4696
966 966 1942
967 967 7129
968 968 1034
969 969 1743
97 97 11920
970 970 2972
971 971 2447
972 972 4689
973 973 3586
974 974 877
975 975 3590
976 976 1080
977 977 693
978 978 5773
979 979 772
98 98 21767
980 980 4986
981 981 25427
982 982 3074
983 983 3767
984 984 945
985 985 8494
986 986 2842
987 987 697
988 988 2525
989 989 1278
99 99 3239
990 990 2545
991 991 7596
992 992 3688
993 993 863
994 994 4441
995 995 24813
996 996 7881
997 997 18340
998 998 542
999 999 18500
